# unix_time, cycles_done, cur_path, paths_total, pending_total, pending_favs, map_size, unique_crashes, unique_hangs, max_depth, execs_per_sec
1666461852, 0, 0, 1, 1, 1, 0.01%, 0, 0, 1, 181.82
1666461857, 0, 0, 1, 1, 1, 0.01%, 5, 0, 1, 14.99
1666461862, 0, 0, 2, 2, 1, 0.02%, 6, 0, 2, 190.29
1666461868, 0, 1, 2, 1, 1, 0.02%, 6, 0, 2, 215.12
1666461908, 1, 0, 2, 0, 0, 0.02%, 6, 0, 2, 173.39
1666461913, 2, 0, 2, 0, 0, 0.02%, 6, 0, 2, 161.38
1666461918, 2, 1, 2, 0, 0, 0.02%, 6, 0, 2, 170.59
1666461923, 3, 0, 2, 0, 0, 0.02%, 6, 0, 2, 183.83
1666461928, 3, 1, 2, 0, 0, 0.02%, 6, 0, 2, 207.18
1666461934, 4, 0, 2, 0, 0, 0.02%, 6, 0, 2, 209.27
1666461939, 5, 0, 2, 0, 0, 0.02%, 6, 0, 2, 213.38
1666461944, 5, 1, 2, 0, 0, 0.02%, 6, 0, 2, 204.25
1666461949, 6, 0, 2, 0, 0, 0.02%, 6, 0, 2, 193.76
1666461954, 7, 0, 2, 0, 0, 0.02%, 6, 0, 2, 196.12
1666461959, 7, 1, 2, 0, 0, 0.02%, 6, 0, 2, 212.60
1666461964, 8, 0, 2, 0, 0, 0.02%, 6, 0, 2, 205.14
1666461969, 9, 0, 2, 0, 0, 0.02%, 6, 0, 2, 212.17
1666461974, 9, 1, 2, 0, 0, 0.02%, 6, 0, 2, 212.15
1666461980, 10, 0, 2, 0, 0, 0.02%, 6, 0, 2, 210.80
1666461985, 10, 1, 2, 0, 0, 0.02%, 6, 0, 2, 204.90
1666461990, 11, 0, 2, 0, 0, 0.02%, 6, 0, 2, 209.13
1666461995, 12, 0, 2, 0, 0, 0.02%, 6, 0, 2, 210.97
1666462000, 12, 1, 2, 0, 0, 0.02%, 6, 0, 2, 212.60
1666462005, 13, 0, 2, 0, 0, 0.02%, 6, 0, 2, 212.37
1666462010, 14, 0, 2, 0, 0, 0.02%, 6, 0, 2, 216.11
1666462015, 14, 1, 2, 0, 0, 0.02%, 6, 0, 2, 208.57
1666462020, 15, 0, 2, 0, 0, 0.02%, 6, 0, 2, 209.59
1666462025, 16, 0, 2, 0, 0, 0.02%, 6, 0, 2, 222.17
1666462030, 16, 1, 2, 0, 0, 0.02%, 6, 0, 2, 212.96
1666462035, 17, 0, 2, 0, 0, 0.02%, 6, 0, 2, 211.87
1666462040, 18, 0, 2, 0, 0, 0.02%, 6, 0, 2, 205.32
1666462046, 18, 1, 2, 0, 0, 0.02%, 6, 0, 2, 204.28
1666462051, 19, 0, 2, 0, 0, 0.02%, 6, 0, 2, 211.87
1666462056, 20, 0, 2, 0, 0, 0.02%, 6, 0, 2, 211.94
1666462061, 20, 1, 2, 0, 0, 0.02%, 6, 0, 2, 210.46
1666462066, 21, 0, 2, 0, 0, 0.02%, 6, 0, 2, 211.07
1666462071, 21, 1, 2, 0, 0, 0.02%, 6, 0, 2, 203.14
1666462076, 22, 0, 2, 0, 0, 0.02%, 6, 0, 2, 201.27
1666462081, 23, 0, 2, 0, 0, 0.02%, 6, 0, 2, 202.06
1666462086, 23, 1, 2, 0, 0, 0.02%, 6, 0, 2, 197.31
